date	iofile.s10
------	-----------------------
194901	+0.902031739871350E+00
194902	+0.954951187186237E+00
194903	+0.106777676276997E+01
194904	+0.100160694769559E+01
194905	+0.950111138650315E+00
194906	+0.107442666974399E+01
194907	+0.116957602577006E+01
194908	+0.117655921566297E+01
194909	+0.106354732799472E+01
194910	+0.913158306555211E+00
194911	+0.795104200667361E+00
194912	+0.902103323337406E+00
195001	+0.904474909581448E+00
195002	+0.949634048174173E+00
195003	+0.106498355251912E+01
195004	+0.995196400395584E+00
195005	+0.947969949237207E+00
195006	+0.107615294415056E+01
195007	+0.117601626984269E+01
195008	+0.118087495003967E+01
195009	+0.106073919954257E+01
195010	+0.913273549891914E+00
195011	+0.793173890700781E+00
195012	+0.902831133609740E+00
195101	+0.913954511475112E+00
195102	+0.941545741466252E+00
195103	+0.106109370144633E+01
195104	+0.993687445903341E+00
195105	+0.953277201337200E+00
195106	+0.108040881730163E+01
195107	+0.117909741135985E+01
195108	+0.118140019553585E+01
195109	+0.105248862631857E+01
195110	+0.917988953246981E+00
195111	+0.798191069976369E+00
195112	+0.904615870507662E+00
195201	+0.916750766653306E+00
195202	+0.923835594800085E+00
195203	+0.104894039463539E+01
195204	+0.991360846205914E+00
195205	+0.962556137896562E+00
195206	+0.108989064988607E+01
195207	+0.118736790870741E+01
195208	+0.118612908155705E+01
195209	+0.104811835039625E+01
195210	+0.920024169255271E+00
195211	+0.798889330829555E+00
195212	+0.902855538750160E+00
195301	+0.910511182283915E+00
195302	+0.900222836797890E+00
195303	+0.104303342057119E+01
195304	+0.998341065305283E+00
195305	+0.977190257873829E+00
195306	+0.110120842155648E+01
195307	+0.120444802049442E+01
195308	+0.119505263711532E+01
195309	+0.105182285906297E+01
195310	+0.919569274700438E+00
195311	+0.797397481453384E+00
195312	+0.898795028979110E+00
195401	+0.905035809261920E+00
195402	+0.878229042083634E+00
195403	+0.102652768421861E+01
195404	+0.989896777401091E+00
195405	+0.980319006908086E+00
195406	+0.111265239589902E+01
195407	+0.122837379237532E+01
195408	+0.120598431710832E+01
195409	+0.105580101592910E+01
195410	+0.916536370916922E+00
195411	+0.797670830172923E+00
195412	+0.897754735628173E+00
195501	+0.908584058809888E+00
195502	+0.872017764475640E+00
195503	+0.101052780289752E+01
195504	+0.981224231533727E+00
195505	+0.980122373703665E+00
195506	+0.112168508171966E+01
195507	+0.124477035943647E+01
195508	+0.121773297918369E+01
195509	+0.105767064841835E+01
195510	+0.915728029499734E+00
195511	+0.797214937055455E+00
195512	+0.894800283669326E+00
195601	+0.909861194880636E+00
195602	+0.866390730125168E+00
195603	+0.995726039009353E+00
195604	+0.975724644614840E+00
195605	+0.982255360735288E+00
195606	+0.112907767587786E+01
195607	+0.125671705636942E+01
195608	+0.123311299748966E+01
195609	+0.105807222701415E+01
195610	+0.918184463398868E+00
195611	+0.797015375333665E+00
195612	+0.889077542798713E+00
195701	+0.908433237846728E+00
195702	+0.860203741654804E+00
195703	+0.982982787675282E+00
195704	+0.967393080340814E+00
195705	+0.981444507278739E+00
195706	+0.113237214266739E+01
195707	+0.126949968933134E+01
195708	+0.125286410729847E+01
195709	+0.106196312456132E+01
195710	+0.924658787945512E+00
195711	+0.798423956093345E+00
195712	+0.886457853910270E+00
195801	+0.907445924210404E+00
195802	+0.854371307901616E+00
195803	+0.969542865902341E+00
195804	+0.960415498063326E+00
195805	+0.980093728324320E+00
195806	+0.113222710769745E+01
195807	+0.128071103697242E+01
195808	+0.126756140724296E+01
195809	+0.106171251954943E+01
195810	+0.926117059184817E+00
195811	+0.796509476891688E+00
195812	+0.883498186702600E+00
195901	+0.904662881677126E+00
195902	+0.849344116854918E+00
195903	+0.960252921792739E+00
195904	+0.965877405315625E+00
195905	+0.985969421844143E+00
195906	+0.113141821419989E+01
195907	+0.128506144448131E+01
195908	+0.127271512124067E+01
195909	+0.106115950403656E+01
195910	+0.927922333593029E+00
195911	+0.799492073480507E+00
195912	+0.886374447051514E+00
196001	+0.903707884446404E+00
196002	+0.843401546851375E+00
196003	+0.948742118875312E+00
196004	+0.969052297333652E+00
196005	+0.990615551348447E+00
196006	+0.113214303761207E+01
196007	+0.128692893689740E+01
196008	+0.127375586891544E+01
196009	+0.106125182275031E+01
196010	+0.930248401021788E+00
196011	+0.801136729220720E+00
196012	+0.885452702724770E+00
